"method","anchor_step","reuse_commits","quality_readout_step","partition_age_at_quality_readout","verifier_examples","refresh_feature_plus_partition_ns","amortized_proxy_ns_per_commit","verifier_elapsed_ns_per_commit","projected_total_ns_per_commit","predicted_rmse_at_readout","observed_rmse_v48_at_readout","sign_error_rate_v48_at_readout","selected_program_regret_v48_at_readout","false_authorization_rate_v48_at_readout","readout_phase"
"hash_placebo_mean","600","1","600","0","12","14100","14100","128328","142428","9.275028981667e-4","","","","","freshness_fresh"
"hash_placebo_mean","600","1","600","0","24","14100","14100","256011","270111","6.071931768771e-4","","","","","freshness_fresh"
"hash_placebo_mean","600","1","600","0","36","14100","14100","387956","402056","4.525750729904e-4","","","","","freshness_fresh"
"hash_placebo_mean","600","1","600","0","48","14100","14100","516822","530922","3.505631441201e-4","3.498460156101e-4","2.834725493768e-1","3.783137485805e-4","1.373697916667e-1","freshness_fresh"
"hash_placebo_mean","600","1","600","0","72","14100","14100","795544","809644","2.023977256257e-4","","","","","freshness_fresh"
"hash_placebo_mean","600","1","600","0","96","14100","14100","1037294","1051394","0.000000000000e0","","","","","freshness_fresh"
"hash_placebo_mean","600","25","625","25","12","14100","564","128328","128892","9.411384833446e-4","","","","","freshness_stale"
"hash_placebo_mean","600","25","625","25","24","14100","564","256011","256575","6.161197627661e-4","","","","","freshness_stale"
"hash_placebo_mean","600","25","625","25","36","14100","564","387956","388520","4.592285572753e-4","","","","","freshness_stale"
"hash_placebo_mean","600","25","625","25","48","14100","564","516822","517386","3.557169108861e-4","3.561010808828e-4","2.768910328871e-1","4.106286827634e-4","1.476779513889e-1","freshness_stale"
"hash_placebo_mean","600","25","625","25","72","14100","564","795544","796108","2.053732542554e-4","","","","","freshness_stale"
"hash_placebo_mean","600","25","625","25","96","14100","564","1037294","1037858","0.000000000000e0","","","","","freshness_stale"
"hash_placebo_mean","600","50","650","50","12","14100","282","128328","128610","9.493930152007e-4","","","","","freshness_stale"
"hash_placebo_mean","600","50","650","50","24","14100","282","256011","256293","6.215236223456e-4","","","","","freshness_stale"
"hash_placebo_mean","600","50","650","50","36","14100","282","387956","388238","4.632563563956e-4","","","","","freshness_stale"
"hash_placebo_mean","600","50","650","50","48","14100","282","516822","517104","3.588368306690e-4","3.587733704590e-4","2.786134010939e-1","4.214727895698e-4","1.559244791667e-1","freshness_stale"
"hash_placebo_mean","600","50","650","50","72","14100","282","795544","795826","2.071745407819e-4","","","","","freshness_stale"
"hash_placebo_mean","600","50","650","50","96","14100","282","1037294","1037576","0.000000000000e0","","","","","freshness_stale"
"hash_placebo_mean","600","100","700","100","12","14100","141","128328","128469","9.914465909749e-4","","","","","freshness_stale"
"hash_placebo_mean","600","100","700","100","24","14100","141","256011","256152","6.490541500926e-4","","","","","freshness_stale"
"hash_placebo_mean","600","100","700","100","36","14100","141","387956","388097","4.837764002285e-4","","","","","freshness_stale"
"hash_placebo_mean","600","100","700","100","48","14100","141","516822","516963","3.747315882746e-4","3.752454924705e-4","2.872739790628e-1","3.957477921451e-4","1.710069444444e-1","freshness_stale"
"hash_placebo_mean","600","100","700","100","72","14100","141","795544","795685","2.163513833642e-4","","","","","freshness_stale"
"hash_placebo_mean","600","100","700","100","96","14100","141","1037294","1037435","0.000000000000e0","","","","","freshness_stale"
"hash_placebo_mean","2400","1","2400","0","12","14100","14100","128706","142806","1.715999560598e-3","","","","","freshness_fresh"
"hash_placebo_mean","2400","1","2400","0","24","14100","14100","257539","271639","1.123385411279e-3","","","","","freshness_fresh"
"hash_placebo_mean","2400","1","2400","0","36","14100","14100","392994","407094","8.373220481836e-4","","","","","freshness_fresh"
"hash_placebo_mean","2400","1","2400","0","48","14100","14100","529522","543622","6.485868696055e-4","6.500312887202e-4","3.268534663373e-1","6.534282333926e-4","2.185329861111e-1","freshness_fresh"
"hash_placebo_mean","2400","1","2400","0","72","14100","14100","784617","798717","3.744618037596e-4","","","","","freshness_fresh"
"hash_placebo_mean","2400","1","2400","0","96","14100","14100","1044211","1058311","0.000000000000e0","","","","","freshness_fresh"
"hash_placebo_mean","2400","25","2425","25","12","14100","564","128706","129270","1.748173611457e-3","","","","","freshness_stale"
"hash_placebo_mean","2400","25","2425","25","24","14100","564","257539","258103","1.144448271775e-3","","","","","freshness_stale"
"hash_placebo_mean","2400","25","2425","25","36","14100","564","392994","393558","8.530213774736e-4","","","","","freshness_stale"
"hash_placebo_mean","2400","25","2425","25","48","14100","564","529522","530086","6.607475177828e-4","6.599898633470e-4","3.288526419667e-1","6.772000568823e-4","2.407769097222e-1","freshness_stale"
"hash_placebo_mean","2400","25","2425","25","72","14100","564","784617","785181","3.814827572583e-4","","","","","freshness_stale"
"hash_placebo_mean","2400","25","2425","25","96","14100","564","1044211","1044775","0.000000000000e0","","","","","freshness_stale"
"hash_placebo_mean","2400","50","2450","50","12","14100","282","128706","128988","1.730369566638e-3","","","","","freshness_stale"
"hash_placebo_mean","2400","50","2450","50","24","14100","282","257539","257821","1.132792788481e-3","","","","","freshness_stale"
"hash_placebo_mean","2400","50","2450","50","36","14100","282","392994","393276","8.443338931549e-4","","","","","freshness_stale"
"hash_placebo_mean","2400","50","2450","50","48","14100","282","529522","529804","6.540182213655e-4","6.548326397949e-4","3.312424648068e-1","6.389070273584e-4","2.558593750000e-1","freshness_stale"
"hash_placebo_mean","2400","50","2450","50","72","14100","282","784617","784899","3.775975961603e-4","","","","","freshness_stale"
"hash_placebo_mean","2400","50","2450","50","96","14100","282","1044211","1044493","0.000000000000e0","","","","","freshness_stale"
"hash_placebo_mean","2400","100","2500","100","12","14100","141","128706","128847","1.756621138478e-3","","","","","freshness_stale"
"hash_placebo_mean","2400","100","2500","100","24","14100","141","257539","257680","1.149978476348e-3","","","","","freshness_stale"
"hash_placebo_mean","2400","100","2500","100","36","14100","141","392994","393135","8.571433485917e-4","","","","","freshness_stale"
"hash_placebo_mean","2400","100","2500","100","48","14100","141","529522","529663","6.639403828816e-4","6.652522830652e-4","3.233748753503e-1","6.587885473551e-4","2.126736111111e-1","freshness_stale"
"hash_placebo_mean","2400","100","2500","100","72","14100","141","784617","784758","3.833261587826e-4","","","","","freshness_stale"
"hash_placebo_mean","2400","100","2500","100","96","14100","141","1044211","1044352","0.000000000000e0","","","","","freshness_stale"
"full_gradient_171","600","1","600","0","12","4371939","4371939","128328","4500267","6.533579220794e-4","","","","","freshness_fresh"
"full_gradient_171","600","1","600","0","24","4371939","4371939","256011","4627950","4.277231619754e-4","","","","","freshness_fresh"
"full_gradient_171","600","1","600","0","36","4371939","4371939","387956","4759894","3.188060219094e-4","","","","","freshness_fresh"
"full_gradient_171","600","1","600","0","48","4371939","4371939","516822","4888761","2.469460827051e-4","2.454294688805e-4","2.372829805690e-1","3.109535768105e-4","9.809027777778e-2","freshness_fresh"
"full_gradient_171","600","1","600","0","72","4371939","4371939","795544","5167483","1.425743873251e-4","","","","","freshness_fresh"
"full_gradient_171","600","1","600","0","96","4371939","4371939","1037294","5409233","0.000000000000e0","","","","","freshness_fresh"
"full_gradient_171","600","25","625","25","12","4371939","174878","128328","303205","6.666181966415e-4","","","","","freshness_stale"
"full_gradient_171","600","25","625","25","24","4371939","174878","256011","430889","4.364040493921e-4","","","","","freshness_stale"
"full_gradient_171","600","25","625","25","36","4371939","174878","387956","562833","3.252763733656e-4","","","","","freshness_stale"
"full_gradient_171","600","25","625","25","48","4371939","174878","516822","691700","2.519579953919e-4","2.524551432744e-4","2.333290423295e-1","3.371121432924e-4","8.854166666667e-2","freshness_stale"
"full_gradient_171","600","25","625","25","72","4371939","174878","795544","970422","1.454680164640e-4","","","","","freshness_stale"
"full_gradient_171","600","25","625","25","96","4371939","174878","1037294","1212172","0.000000000000e0","","","","","freshness_stale"
"full_gradient_171","600","50","650","50","12","4371939","87439","128328","215767","6.772008234293e-4","","","","","freshness_stale"
"full_gradient_171","600","50","650","50","24","4371939","87439","256011","343450","4.433320048644e-4","","","","","freshness_stale"
"full_gradient_171","600","50","650","50","36","4371939","87439","387956","475394","3.304401664927e-4","","","","","freshness_stale"
"full_gradient_171","600","50","650","50","48","4371939","87439","516822","604261","2.559578523489e-4","2.566093278014e-4","2.346023588573e-1","3.331093856050e-4","8.767361111111e-2","freshness_stale"
"full_gradient_171","600","50","650","50","72","4371939","87439","795544","882983","1.477773349548e-4","","","","","freshness_stale"
"full_gradient_171","600","50","650","50","96","4371939","87439","1037294","1124733","0.000000000000e0","","","","","freshness_stale"
"full_gradient_171","600","100","700","100","12","4371939","43719","128328","172047","7.227653657946e-4","","","","","freshness_stale"
"full_gradient_171","600","100","700","100","24","4371939","43719","256011","299730","4.731609997780e-4","","","","","freshness_stale"
"full_gradient_171","600","100","700","100","36","4371939","43719","387956","431675","3.526733866018e-4","","","","","freshness_stale"
"full_gradient_171","600","100","700","100","48","4371939","43719","516822","560542","2.731796305919e-4","2.710757467935e-4","2.448075764514e-1","3.337050748560e-4","1.258680555556e-1","freshness_stale"
"full_gradient_171","600","100","700","100","72","4371939","43719","795544","839264","1.577203332593e-4","","","","","freshness_stale"
"full_gradient_171","600","100","700","100","96","4371939","43719","1037294","1081014","0.000000000000e0","","","","","freshness_stale"
"full_gradient_171","2400","1","2400","0","12","5221011","5221011","128706","5349717","1.492931910118e-3","","","","","freshness_fresh"
"full_gradient_171","2400","1","2400","0","24","5221011","5221011","257539","5478550","9.773533550755e-4","","","","","freshness_fresh"
"full_gradient_171","2400","1","2400","0","36","5221011","5221011","392994","5614006","7.284761799954e-4","","","","","freshness_fresh"
"full_gradient_171","2400","1","2400","0","48","5221011","5221011","529522","5750533","5.642752226462e-4","5.661565183528e-4","3.061566429217e-1","5.915861026524e-4","1.857638888889e-1","freshness_fresh"
"full_gradient_171","2400","1","2400","0","72","5221011","5221011","784617","6005628","3.257844516918e-4","","","","","freshness_fresh"
"full_gradient_171","2400","1","2400","0","96","5221011","5221011","1044211","6265222","0.000000000000e0","","","","","freshness_fresh"
"full_gradient_171","2400","25","2425","25","12","5221011","208840","128706","337546","1.531582226504e-3","","","","","freshness_stale"
"full_gradient_171","2400","25","2425","25","24","5221011","208840","257539","466379","1.002655926572e-3","","","","","freshness_stale"
"full_gradient_171","2400","25","2425","25","36","5221011","208840","392994","601835","7.473356032858e-4","","","","","freshness_stale"
"full_gradient_171","2400","25","2425","25","48","5221011","208840","529522","738363","5.788836691107e-4","5.771992958252e-4","3.074776659602e-1","6.284548621844e-4","2.170138888889e-1","freshness_stale"
"full_gradient_171","2400","25","2425","25","72","5221011","208840","784617","993457","3.342186421906e-4","","","","","freshness_stale"
"full_gradient_171","2400","25","2425","25","96","5221011","208840","1044211","1253052","0.000000000000e0","","","","","freshness_stale"
"full_gradient_171","2400","50","2450","50","12","5221011","104420","128706","233126","1.515907552026e-3","","","","","freshness_stale"
"full_gradient_171","2400","50","2450","50","24","5221011","104420","257539","361959","9.923944433880e-4","","","","","freshness_stale"
"full_gradient_171","2400","50","2450","50","36","5221011","104420","392994","497415","7.396871453028e-4","","","","","freshness_stale"
"full_gradient_171","2400","50","2450","50","48","5221011","104420","529522","633942","5.729591990323e-4","5.776788521664e-4","3.130491095843e-1","5.942681530262e-4","2.256944444444e-1","freshness_stale"
"full_gradient_171","2400","50","2450","50","72","5221011","104420","784617","889037","3.307981477960e-4","","","","","freshness_stale"
"full_gradient_171","2400","50","2450","50","96","5221011","104420","1044211","1148631","0.000000000000e0","","","","","freshness_stale"
"full_gradient_171","2400","100","2500","100","12","5221011","52210","128706","180916","1.547371123633e-3","","","","","freshness_stale"
"full_gradient_171","2400","100","2500","100","24","5221011","52210","257539","309749","1.012992186034e-3","","","","","freshness_stale"
"full_gradient_171","2400","100","2500","100","36","5221011","52210","392994","445205","7.550397962158e-4","","","","","freshness_stale"
"full_gradient_171","2400","100","2500","100","48","5221011","52210","529522","581732","5.848513112935e-4","5.815593065462e-4","3.012031635167e-1","6.022401953967e-4","1.953125000000e-1","freshness_stale"
"full_gradient_171","2400","100","2500","100","72","5221011","52210","784617","836827","3.376640620112e-4","","","","","freshness_stale"
"full_gradient_171","2400","100","2500","100","96","5221011","52210","1044211","1096421","0.000000000000e0","","","","","freshness_stale"
"output_layer_27","600","1","600","0","12","1976083","1976083","128328","2104411","6.561277833197e-4","","","","","freshness_fresh"
"output_layer_27","600","1","600","0","24","1976083","1976083","256011","2232094","4.295364618037e-4","","","","","freshness_fresh"
"output_layer_27","600","1","600","0","36","1976083","1976083","387956","2364039","3.201575758026e-4","","","","","freshness_fresh"
"output_layer_27","600","1","600","0","48","1976083","1976083","516822","2492906","2.479929918492e-4","2.478013133202e-4","2.382241630105e-1","3.385104716907e-4","1.319444444444e-1","freshness_fresh"
"output_layer_27","600","1","600","0","72","1976083","1976083","795544","2771628","1.431788206012e-4","","","","","freshness_fresh"
"output_layer_27","600","1","600","0","96","1976083","1976083","1037294","3013378","0.000000000000e0","","","","","freshness_fresh"
"output_layer_27","600","25","625","25","12","1976083","79043","128328","207371","6.687354585224e-4","","","","","freshness_stale"
"output_layer_27","600","25","625","25","24","1976083","79043","256011","335054","4.377901226543e-4","","","","","freshness_stale"
"output_layer_27","600","25","625","25","36","1976083","79043","387956","466999","3.263094913777e-4","","","","","freshness_stale"
"output_layer_27","600","25","625","25","48","1976083","79043","516822","595866","2.527582451630e-4","2.544047850287e-4","2.277913084569e-1","3.661379112629e-4","1.111111111111e-1","freshness_stale"
"output_layer_27","600","25","625","25","72","1976083","79043","795544","874588","1.459300408848e-4","","","","","freshness_stale"
"output_layer_27","600","25","625","25","96","1976083","79043","1037294","1116338","0.000000000000e0","","","","","freshness_stale"
"output_layer_27","600","50","650","50","12","1976083","39522","128328","167849","6.820534024424e-4","","","","","freshness_stale"
"output_layer_27","600","50","650","50","24","1976083","39522","256011","295533","4.465087635278e-4","","","","","freshness_stale"
"output_layer_27","600","50","650","50","36","1976083","39522","387956","427477","3.328079825992e-4","","","","","freshness_stale"
"output_layer_27","600","50","650","50","48","1976083","39522","516822","556344","2.577919548183e-4","2.564438967024e-4","2.299683540835e-1","3.366662503576e-4","1.067708333333e-1","freshness_stale"
"output_layer_27","600","50","650","50","72","1976083","39522","795544","835066","1.488362545093e-4","","","","","freshness_stale"
"output_layer_27","600","50","650","50","96","1976083","39522","1037294","1076816","0.000000000000e0","","","","","freshness_stale"
"output_layer_27","600","100","700","100","12","1976083","19761","128328","148089","7.275933488949e-4","","","","","freshness_stale"
"output_layer_27","600","100","700","100","24","1976083","19761","256011","275772","4.763216566367e-4","","","","","freshness_stale"
"output_layer_27","600","100","700","100","36","1976083","19761","387956","407716","3.550292011317e-4","","","","","freshness_stale"
"output_layer_27","600","100","700","100","48","1976083","19761","516822","536583","2.750044366801e-4","2.757414763539e-4","2.456164519317e-1","3.548193307916e-4","1.345486111111e-1","freshness_stale"
"output_layer_27","600","100","700","100","72","1976083","19761","795544","815305","1.587738855456e-4","","","","","freshness_stale"
"output_layer_27","600","100","700","100","96","1976083","19761","1037294","1057055","0.000000000000e0","","","","","freshness_stale"
"output_layer_27","2400","1","2400","0","12","2702372","2702372","128706","2831078","1.487710975547e-3","","","","","freshness_fresh"
"output_layer_27","2400","1","2400","0","24","2702372","2702372","257539","2959911","9.739354510943e-4","","","","","freshness_fresh"
"output_layer_27","2400","1","2400","0","36","2702372","2702372","392994","3095367","7.259286247813e-4","","","","","freshness_fresh"
"output_layer_27","2400","1","2400","0","48","2702372","2702372","529522","3231894","5.623018948626e-4","5.644612175991e-4","3.044964977941e-1","6.099040935601e-4","1.805555555556e-1","freshness_fresh"
"output_layer_27","2400","1","2400","0","72","2702372","2702372","784617","3486989","3.246451503648e-4","","","","","freshness_fresh"
"output_layer_27","2400","1","2400","0","96","2702372","2702372","1044211","3746583","0.000000000000e0","","","","","freshness_fresh"
"output_layer_27","2400","25","2425","25","12","2702372","108095","128706","236800","1.525771461534e-3","","","","","freshness_stale"
"output_layer_27","2400","25","2425","25","24","2702372","108095","257539","365634","9.988518879545e-4","","","","","freshness_stale"
"output_layer_27","2400","25","2425","25","36","2702372","108095","392994","501089","7.445002403067e-4","","","","","freshness_stale"
"output_layer_27","2400","25","2425","25","48","2702372","108095","529522","637617","5.766874063911e-4","5.745665112770e-4","2.981813305901e-1","6.426033295662e-4","2.248263888889e-1","freshness_stale"
"output_layer_27","2400","25","2425","25","72","2702372","108095","784617","892712","3.329506293182e-4","","","","","freshness_stale"
"output_layer_27","2400","25","2425","25","96","2702372","108095","1044211","1152306","0.000000000000e0","","","","","freshness_stale"
"output_layer_27","2400","50","2450","50","12","2702372","54047","128706","182753","1.506760545575e-3","","","","","freshness_stale"
"output_layer_27","2400","50","2450","50","24","2702372","54047","257539","311586","9.864063220386e-4","","","","","freshness_stale"
"output_layer_27","2400","50","2450","50","36","2702372","54047","392994","447042","7.352238631713e-4","","","","","freshness_stale"
"output_layer_27","2400","50","2450","50","48","2702372","54047","529522","583570","5.695019555593e-4","5.751052728686e-4","3.058990426050e-1","6.459263368757e-4","2.473958333333e-1","freshness_stale"
"output_layer_27","2400","50","2450","50","72","2702372","54047","784617","838664","3.288021073462e-4","","","","","freshness_stale"
"output_layer_27","2400","50","2450","50","96","2702372","54047","1044211","1098259","0.000000000000e0","","","","","freshness_stale"
"output_layer_27","2400","100","2500","100","12","2702372","27024","128706","155729","1.540611915727e-3","","","","","freshness_stale"
"output_layer_27","2400","100","2500","100","24","2702372","27024","257539","284563","1.008567245767e-3","","","","","freshness_stale"
"output_layer_27","2400","100","2500","100","36","2702372","27024","392994","420018","7.517416404717e-4","","","","","freshness_stale"
"output_layer_27","2400","100","2500","100","48","2702372","27024","529522","556546","5.822965708395e-4","5.837449689484e-4","2.948108895624e-1","6.297691792518e-4","1.883680555556e-1","freshness_stale"
"output_layer_27","2400","100","2500","100","72","2702372","27024","784617","811640","3.361890819224e-4","","","","","freshness_stale"
"output_layer_27","2400","100","2500","100","96","2702372","27024","1044211","1071235","0.000000000000e0","","","","","freshness_stale"
"last_hidden_layer_72","600","1","600","0","12","2857311","2857311","128328","2985639","6.621379085084e-4","","","","","freshness_fresh"
"last_hidden_layer_72","600","1","600","0","24","2857311","2857311","256011","3113322","4.334710123200e-4","","","","","freshness_fresh"
"last_hidden_layer_72","600","1","600","0","36","2857311","2857311","387956","3245267","3.230902166077e-4","","","","","freshness_fresh"
"last_hidden_layer_72","600","1","600","0","48","2857311","2857311","516822","3374133","2.502646056488e-4","2.492612846935e-4","2.350679999388e-1","3.244089333568e-4","1.050347222222e-1","freshness_fresh"
"last_hidden_layer_72","600","1","600","0","72","2857311","2857311","795544","3652856","1.444903374400e-4","","","","","freshness_fresh"
"last_hidden_layer_72","600","1","600","0","96","2857311","2857311","1037294","3894606","0.000000000000e0","","","","","freshness_fresh"
"last_hidden_layer_72","600","25","625","25","12","2857311","114292","128328","242620","6.758368209376e-4","","","","","freshness_stale"
"last_hidden_layer_72","600","25","625","25","24","2857311","114292","256011","370304","4.424390556264e-4","","","","","freshness_stale"
"last_hidden_layer_72","600","25","625","25","36","2857311","114292","387956","502248","3.297746014271e-4","","","","","freshness_stale"
"last_hidden_layer_72","600","25","625","25","48","2857311","114292","516822","631115","2.554423078659e-4","2.558948591846e-4","2.269147190597e-1","3.658078415201e-4","1.197916666667e-1","freshness_stale"
"last_hidden_layer_72","600","25","625","25","72","2857311","114292","795544","909837","1.474796852088e-4","","","","","freshness_stale"
"last_hidden_layer_72","600","25","625","25","96","2857311","114292","1037294","1151587","0.000000000000e0","","","","","freshness_stale"
"last_hidden_layer_72","600","50","650","50","12","2857311","57146","128328","185474","6.887834443515e-4","","","","","freshness_stale"
"last_hidden_layer_72","600","50","650","50","24","2857311","57146","256011","313157","4.509146101676e-4","","","","","freshness_stale"
"last_hidden_layer_72","600","50","650","50","36","2857311","57146","387956","445102","3.360919067942e-4","","","","","freshness_stale"
"last_hidden_layer_72","600","50","650","50","48","2857311","57146","516822","573968","2.603356715618e-4","2.609346862754e-4","2.342511181857e-1","3.394967577004e-4","8.940972222222e-2","freshness_stale"
"last_hidden_layer_72","600","50","650","50","72","2857311","57146","795544","852691","1.503048700559e-4","","","","","freshness_stale"
"last_hidden_layer_72","600","50","650","50","96","2857311","57146","1037294","1094441","0.000000000000e0","","","","","freshness_stale"
"last_hidden_layer_72","600","100","700","100","12","2857311","28573","128328","156901","7.353756368752e-4","","","","","freshness_stale"
"last_hidden_layer_72","600","100","700","100","24","2857311","28573","256011","284584","4.814163600296e-4","","","","","freshness_stale"
"last_hidden_layer_72","600","100","700","100","36","2857311","28573","387956","416529","3.588265688356e-4","","","","","freshness_stale"
"last_hidden_layer_72","600","100","700","100","48","2857311","28573","516822","545395","2.779458650554e-4","2.770913178423e-4","2.442967213443e-1","3.392587582136e-4","1.154513888889e-1","freshness_stale"
"last_hidden_layer_72","600","100","700","100","72","2857311","28573","795544","824118","1.604721200099e-4","","","","","freshness_stale"
"last_hidden_layer_72","600","100","700","100","96","2857311","28573","1037294","1065868","0.000000000000e0","","","","","freshness_stale"
"last_hidden_layer_72","2400","1","2400","0","12","4048744","4048744","128706","4177450","1.476218717769e-3","","","","","freshness_fresh"
"last_hidden_layer_72","2400","1","2400","0","24","4048744","4048744","257539","4306283","9.664120023553e-4","","","","","freshness_fresh"
"last_hidden_layer_72","2400","1","2400","0","36","4048744","4048744","392994","4441739","7.203209771794e-4","","","","","freshness_fresh"
"last_hidden_layer_72","2400","1","2400","0","48","4048744","4048744","529522","4578267","5.579582297079e-4","5.633662261862e-4","3.010561859381e-1","6.232998028320e-4","2.074652777778e-1","freshness_fresh"
"last_hidden_layer_72","2400","1","2400","0","72","4048744","4048744","784617","4833361","3.221373341184e-4","","","","","freshness_fresh"
"last_hidden_layer_72","2400","1","2400","0","96","4048744","4048744","1044211","5092956","0.000000000000e0","","","","","freshness_fresh"
"last_hidden_layer_72","2400","25","2425","25","12","4048744","161950","128706","290655","1.514891446011e-3","","","","","freshness_stale"
"last_hidden_layer_72","2400","25","2425","25","24","4048744","161950","257539","419489","9.917292458552e-4","","","","","freshness_stale"
"last_hidden_layer_72","2400","25","2425","25","36","4048744","161950","392994","554944","7.391913363356e-4","","","","","freshness_stale"
"last_hidden_layer_72","2400","25","2425","25","48","4048744","161950","529522","691472","5.725751470578e-4","5.772347722296e-4","3.037360341873e-1","6.244753421488e-4","2.178819444444e-1","freshness_stale"
"last_hidden_layer_72","2400","25","2425","25","72","4048744","161950","784617","946566","3.305764152851e-4","","","","","freshness_stale"
"last_hidden_layer_72","2400","25","2425","25","96","4048744","161950","1044211","1206161","0.000000000000e0","","","","","freshness_stale"
"last_hidden_layer_72","2400","50","2450","50","12","4048744","80975","128706","209680","1.495496692236e-3","","","","","freshness_stale"
"last_hidden_layer_72","2400","50","2450","50","24","4048744","80975","257539","338514","9.790323991042e-4","","","","","freshness_stale"
"last_hidden_layer_72","2400","50","2450","50","36","4048744","80975","392994","473969","7.297276655239e-4","","","","","freshness_stale"
"last_hidden_layer_72","2400","50","2450","50","48","4048744","80975","529522","610497","5.652446191682e-4","5.678371778867e-4","3.092859252976e-1","6.446067084229e-4","2.604166666667e-1","freshness_stale"
"last_hidden_layer_72","2400","50","2450","50","72","4048744","80975","784617","865592","3.263441330347e-4","","","","","freshness_stale"
"last_hidden_layer_72","2400","50","2450","50","96","4048744","80975","1044211","1125186","0.000000000000e0","","","","","freshness_stale"
"last_hidden_layer_72","2400","100","2500","100","12","4048744","40487","128706","169193","1.533366226540e-3","","","","","freshness_stale"
"last_hidden_layer_72","2400","100","2500","100","24","4048744","40487","257539","298026","1.003823828744e-3","","","","","freshness_stale"
"last_hidden_layer_72","2400","100","2500","100","36","4048744","40487","392994","433482","7.482061061685e-4","","","","","freshness_stale"
"last_hidden_layer_72","2400","100","2500","100","48","4048744","40487","529522","570010","5.795579577443e-4","5.814376057908e-4","3.009250287263e-1","6.116489943426e-4","2.022569444444e-1","freshness_stale"
"last_hidden_layer_72","2400","100","2500","100","72","4048744","40487","784617","825104","3.346079429146e-4","","","","","freshness_stale"
"last_hidden_layer_72","2400","100","2500","100","96","4048744","40487","1044211","1084699","0.000000000000e0","","","","","freshness_stale"
"rademacher_projection_32","600","1","600","0","12","3081539","3081539","128328","3209867","6.724727436561e-4","","","","","freshness_fresh"
"rademacher_projection_32","600","1","600","0","24","3081539","3081539","256011","3337550","4.402367500855e-4","","","","","freshness_fresh"
"rademacher_projection_32","600","1","600","0","36","3081539","3081539","387956","3469494","3.281330997949e-4","","","","","freshness_fresh"
"rademacher_projection_32","600","1","600","0","48","3081539","3081539","516822","3598361","2.541708061690e-4","2.537436561433e-4","2.450783084846e-1","3.155649883016e-4","1.041666666667e-1","freshness_fresh"
"rademacher_projection_32","600","1","600","0","72","3081539","3081539","795544","3877083","1.467455833618e-4","","","","","freshness_fresh"
"rademacher_projection_32","600","1","600","0","96","3081539","3081539","1037294","4118833","0.000000000000e0","","","","","freshness_fresh"
"rademacher_projection_32","600","25","625","25","12","3081539","123262","128328","251589","6.859670279992e-4","","","","","freshness_stale"
"rademacher_projection_32","600","25","625","25","24","3081539","123262","256011","379273","4.490708328643e-4","","","","","freshness_stale"
"rademacher_projection_32","600","25","625","25","36","3081539","123262","387956","511217","3.347176363324e-4","","","","","freshness_stale"
"rademacher_projection_32","600","25","625","25","48","3081539","123262","516822","640084","2.592711662394e-4","2.580500591082e-4","2.356560845754e-1","3.512494734622e-4","9.895833333333e-2","freshness_stale"
"rademacher_projection_32","600","25","625","25","72","3081539","123262","795544","918806","1.496902776214e-4","","","","","freshness_stale"
"rademacher_projection_32","600","25","625","25","96","3081539","123262","1037294","1160556","0.000000000000e0","","","","","freshness_stale"
"rademacher_projection_32","600","50","650","50","12","3081539","61631","128328","189959","6.974589610523e-4","","","","","freshness_stale"
"rademacher_projection_32","600","50","650","50","24","3081539","61631","256011","317642","4.565940690211e-4","","","","","freshness_stale"
"rademacher_projection_32","600","50","650","50","36","3081539","61631","387956","449586","3.403251254848e-4","","","","","freshness_stale"
"rademacher_projection_32","600","50","650","50","48","3081539","61631","516822","578453","2.636147086597e-4","2.650433577824e-4","2.390539186995e-1","3.680789716414e-4","1.128472222222e-1","freshness_stale"
"rademacher_projection_32","600","50","650","50","72","3081539","61631","795544","857175","1.521980230070e-4","","","","","freshness_stale"
"rademacher_projection_32","600","50","650","50","96","3081539","61631","1037294","1098925","0.000000000000e0","","","","","freshness_stale"
"rademacher_projection_32","600","100","700","100","12","3081539","30815","128328","159143","7.466017686561e-4","","","","","freshness_stale"
"rademacher_projection_32","600","100","700","100","24","3081539","30815","256011","286826","4.887655884078e-4","","","","","freshness_stale"
"rademacher_projection_32","600","100","700","100","36","3081539","30815","387956","418771","3.643043602475e-4","","","","","freshness_stale"
"rademacher_projection_32","600","100","700","100","48","3081539","30815","516822","547638","2.821889440379e-4","2.805443670726e-4","2.521337890963e-1","3.344845661035e-4","1.171875000000e-1","freshness_stale"
"rademacher_projection_32","600","100","700","100","72","3081539","30815","795544","826360","1.629218628026e-4","","","","","freshness_stale"
"rademacher_projection_32","600","100","700","100","96","3081539","30815","1037294","1068110","0.000000000000e0","","","","","freshness_stale"
"rademacher_projection_32","2400","1","2400","0","12","4186767","4186767","128706","4315472","1.517491149264e-3","","","","","freshness_fresh"
"rademacher_projection_32","2400","1","2400","0","24","4186767","4186767","257539","4444306","9.934311511327e-4","","","","","freshness_fresh"
"rademacher_projection_32","2400","1","2400","0","36","4186767","4186767","392994","4579761","7.404598616329e-4","","","","","freshness_fresh"
"rademacher_projection_32","2400","1","2400","0","48","4186767","4186767","529522","4716289","5.735577425278e-4","5.730325831433e-4","3.129581171459e-1","6.535120572918e-4","2.187500000000e-1","freshness_fresh"
"rademacher_projection_32","2400","1","2400","0","72","4186767","4186767","784617","4971383","3.311437170442e-4","","","","","freshness_fresh"
"rademacher_projection_32","2400","1","2400","0","96","4186767","4186767","1044211","5230978","0.000000000000e0","","","","","freshness_fresh"
"rademacher_projection_32","2400","25","2425","25","12","4186767","167471","128706","296176","1.554232062132e-3","","","","","freshness_stale"
"rademacher_projection_32","2400","25","2425","25","24","4186767","167471","257539","425010","1.017483724607e-3","","","","","freshness_stale"
"rademacher_projection_32","2400","25","2425","25","36","4186767","167471","392994","560465","7.583875914069e-4","","","","","freshness_stale"
"rademacher_projection_32","2400","25","2425","25","48","4186767","167471","529522","696993","5.874445022979e-4","5.843310691690e-4","3.084415741445e-1","6.485611007112e-4","2.256944444444e-1","freshness_stale"
"rademacher_projection_32","2400","25","2425","25","72","4186767","167471","784617","952087","3.391612415356e-4","","","","","freshness_stale"
"rademacher_projection_32","2400","25","2425","25","96","4186767","167471","1044211","1211682","0.000000000000e0","","","","","freshness_stale"
"rademacher_projection_32","2400","50","2450","50","12","4186767","83735","128706","212441","1.538388754263e-3","","","","","freshness_stale"
"rademacher_projection_32","2400","50","2450","50","24","4186767","83735","257539","341274","1.007111844954e-3","","","","","freshness_stale"
"rademacher_projection_32","2400","50","2450","50","36","4186767","83735","392994","476730","7.506568487542e-4","","","","","freshness_stale"
"rademacher_projection_32","2400","50","2450","50","48","4186767","83735","529522","613258","5.814562947883e-4","5.783922763252e-4","3.115047632946e-1","5.953598084442e-4","2.326388888889e-1","freshness_stale"
"rademacher_projection_32","2400","50","2450","50","72","4186767","83735","784617","868352","3.357039483180e-4","","","","","freshness_stale"
"rademacher_projection_32","2400","50","2450","50","96","4186767","83735","1044211","1127946","0.000000000000e0","","","","","freshness_stale"
"rademacher_projection_32","2400","100","2500","100","12","4186767","41868","128706","170573","1.568411565750e-3","","","","","freshness_stale"
"rademacher_projection_32","2400","100","2500","100","24","4186767","41868","257539","299407","1.026766388699e-3","","","","","freshness_stale"
"rademacher_projection_32","2400","100","2500","100","36","4186767","41868","392994","434862","7.653064807142e-4","","","","","freshness_stale"
"rademacher_projection_32","2400","100","2500","100","48","4186767","41868","529522","571390","5.928038509101e-4","5.937872747737e-4","3.082944991390e-1","6.178702057776e-4","1.848958333333e-1","freshness_stale"
"rademacher_projection_32","2400","100","2500","100","72","4186767","41868","784617","826484","3.422554628996e-4","","","","","freshness_stale"
"rademacher_projection_32","2400","100","2500","100","96","4186767","41868","1044211","1086079","0.000000000000e0","","","","","freshness_stale"
"sign_gradient_171","600","1","600","0","12","2961772","2961772","128328","3090100","6.957463108962e-4","","","","","freshness_fresh"
"sign_gradient_171","600","1","600","0","24","2961772","2961772","256011","3217783","4.554728763097e-4","","","","","freshness_fresh"
"sign_gradient_171","600","1","600","0","36","2961772","2961772","387956","3349728","3.394894377786e-4","","","","","freshness_fresh"
"sign_gradient_171","600","1","600","0","48","2961772","2961772","516822","3478594","2.629673877460e-4","2.629271854775e-4","2.457606333510e-1","3.234358152275e-4","9.895833333333e-2","freshness_fresh"
"sign_gradient_171","600","1","600","0","72","2961772","2961772","795544","3757317","1.518242921032e-4","","","","","freshness_fresh"
"sign_gradient_171","600","1","600","0","96","2961772","2961772","1037294","3999067","0.000000000000e0","","","","","freshness_fresh"
"sign_gradient_171","600","25","625","25","12","2961772","118471","128328","246799","7.083156273243e-4","","","","","freshness_stale"
"sign_gradient_171","600","25","625","25","24","2961772","118471","256011","374482","4.637014254477e-4","","","","","freshness_stale"
"sign_gradient_171","600","25","625","25","36","2961772","118471","387956","506426","3.456226361882e-4","","","","","freshness_stale"
"sign_gradient_171","600","25","625","25","48","2961772","118471","516822","635293","2.677181428058e-4","2.675849125120e-4","2.386572592308e-1","3.522426254441e-4","1.093750000000e-1","freshness_stale"
"sign_gradient_171","600","25","625","25","72","2961772","118471","795544","914015","1.545671418159e-4","","","","","freshness_stale"
"sign_gradient_171","600","25","625","25","96","2961772","118471","1037294","1155765","0.000000000000e0","","","","","freshness_stale"
"sign_gradient_171","600","50","650","50","12","2961772","59235","128328","187563","7.198726334561e-4","","","","","freshness_stale"
"sign_gradient_171","600","50","650","50","24","2961772","59235","256011","315247","4.712672619343e-4","","","","","freshness_stale"
"sign_gradient_171","600","50","650","50","36","2961772","59235","387956","447191","3.512618777517e-4","","","","","freshness_stale"
"sign_gradient_171","600","50","650","50","48","2961772","59235","516822","576058","2.720862805380e-4","2.712536052690e-4","2.411522596546e-1","3.607157893701e-4","1.128472222222e-1","freshness_stale"
"sign_gradient_171","600","50","650","50","72","2961772","59235","795544","854780","1.570890873114e-4","","","","","freshness_stale"
"sign_gradient_171","600","50","650","50","96","2961772","59235","1037294","1096530","0.000000000000e0","","","","","freshness_stale"
"sign_gradient_171","600","100","700","100","12","2961772","29618","128328","157946","7.676574250941e-4","","","","","freshness_stale"
"sign_gradient_171","600","100","700","100","24","2961772","29618","256011","285629","5.025497511841e-4","","","","","freshness_stale"
"sign_gradient_171","600","100","700","100","36","2961772","29618","387956","417573","3.745784685744e-4","","","","","freshness_stale"
"sign_gradient_171","600","100","700","100","48","2961772","29618","516822","546440","2.901472341273e-4","2.882356156929e-4","2.529069444090e-1","3.416367377979e-4","1.180555555556e-1","freshness_stale"
"sign_gradient_171","600","100","700","100","72","2961772","29618","795544","825162","1.675165837280e-4","","","","","freshness_stale"
"sign_gradient_171","600","100","700","100","96","2961772","29618","1037294","1066912","0.000000000000e0","","","","","freshness_stale"
"sign_gradient_171","2400","1","2400","0","12","2930544","2930544","128706","3059250","1.540007611763e-3","","","","","freshness_fresh"
"sign_gradient_171","2400","1","2400","0","24","2930544","2930544","257539","3188083","1.008171635959e-3","","","","","freshness_fresh"
"sign_gradient_171","2400","1","2400","0","36","2930544","2930544","392994","3323539","7.514467703303e-4","","","","","freshness_fresh"
"sign_gradient_171","2400","1","2400","0","48","2930544","2930544","529522","3460067","5.820681654101e-4","5.847308606771e-4","3.074962993154e-1","6.123417141607e-4","1.961805555556e-1","freshness_fresh"
"sign_gradient_171","2400","1","2400","0","72","2930544","2930544","784617","3715161","3.360572119863e-4","","","","","freshness_fresh"
"sign_gradient_171","2400","1","2400","0","96","2930544","2930544","1044211","3974756","0.000000000000e0","","","","","freshness_fresh"
"sign_gradient_171","2400","25","2425","25","12","2930544","117222","128706","245927","1.572763128962e-3","","","","","freshness_stale"
"sign_gradient_171","2400","25","2425","25","24","2930544","117222","257539","374761","1.029615155529e-3","","","","","freshness_stale"
"sign_gradient_171","2400","25","2425","25","36","2930544","117222","392994","510216","7.674298261424e-4","","","","","freshness_stale"
"sign_gradient_171","2400","25","2425","25","48","2930544","117222","529522","646744","5.944485872065e-4","5.942098920671e-4","3.052068773961e-1","6.512735491208e-4","2.239583333333e-1","freshness_stale"
"sign_gradient_171","2400","25","2425","25","72","2930544","117222","784617","901838","3.432050518431e-4","","","","","freshness_stale"
"sign_gradient_171","2400","25","2425","25","96","2930544","117222","1044211","1161433","0.000000000000e0","","","","","freshness_stale"
"sign_gradient_171","2400","50","2450","50","12","2930544","58611","128706","187316","1.554207969080e-3","","","","","freshness_stale"
"sign_gradient_171","2400","50","2450","50","24","2930544","58611","257539","316150","1.017467952002e-3","","","","","freshness_stale"
"sign_gradient_171","2400","50","2450","50","36","2930544","58611","392994","451605","7.583758352014e-4","","","","","freshness_stale"
"sign_gradient_171","2400","50","2450","50","48","2930544","58611","529522","588133","5.874353959802e-4","5.822774989039e-4","3.154320555298e-1","6.199159673276e-4","2.612847222222e-1","freshness_stale"
"sign_gradient_171","2400","50","2450","50","72","2930544","58611","784617","843228","3.391559840007e-4","","","","","freshness_stale"
"sign_gradient_171","2400","50","2450","50","96","2930544","58611","1044211","1102822","0.000000000000e0","","","","","freshness_stale"
"sign_gradient_171","2400","100","2500","100","12","2930544","29305","128706","158011","1.588109373901e-3","","","","","freshness_stale"
"sign_gradient_171","2400","100","2500","100","24","2930544","29305","257539","286844","1.039661631110e-3","","","","","freshness_stale"
"sign_gradient_171","2400","100","2500","100","36","2930544","29305","392994","422300","7.749180269200e-4","","","","","freshness_stale"
"sign_gradient_171","2400","100","2500","100","48","2930544","29305","529522","558828","6.002489225874e-4","5.982446012552e-4","3.071837461088e-1","6.290911070403e-4","1.918402777778e-1","freshness_stale"
"sign_gradient_171","2400","100","2500","100","72","2930544","29305","784617","813922","3.465538770366e-4","","","","","freshness_stale"
"sign_gradient_171","2400","100","2500","100","96","2930544","29305","1044211","1073517","0.000000000000e0","","","","","freshness_stale"
